作者	Advice	Incomplete	Error	Crash	Doc	测试时间	分数	评测人
584	0	0	0	0	0	1465017565	None	417
488	1	0	0	0	0	1465017565	0.00000	452
517	0	8	5	0	0	1465017565	-18.00000	567
401	1	0	0	0	0	1465017565	0.00000	520
561	4	11	7	0	0	1465017565	-25.00000	493
546	0	0	0	0	0	1465017565	None	447
661	1	0	0	0	0	1465017565	0.00000	390
518	1	5	3	1	0	1465017565	-15.00000	433
587	0	0	0	0	0	1465017565	None	517
510	0	3	0	0	0	1465017565	-3.00000	538
602	1	0	0	0	0	1465017565	0.00000	562
536	1	1	2	4	0	1465017565	-21.00000	444
501	0	0	0	0	0	1465017565	None	22
497	0	0	0	0	0	1465017565	0.00000	436
506	0	0	0	0	0	1465017565	None	536
391	0	0	0	0	0	1465017565	None	549
515	0	0	0	0	0	1465017565	None	482
18	1	0	10	0	0	1465017565	-20.00000	428
599	1	0	0	0	0	1465017565	0.00000	571
482	0	0	0	0	0	1465017565	None	399
420	1	0	0	0	0	1465017565	0.00000	695
564	0	0	0	0	0	1465017565	None	389
529	1	0	0	0	0	1465017565	0.00000	494
547	0	4	1	0	0	1465017565	-6.00000	504
389	0	6	1	0	0	1465017565	-8.00000	258
491	0	0	0	0	0	1465017565	None	386
402	0	0	0	0	0	1465017565	None	499
496	1	0	0	0	0	1465017565	0.00000	425
475	1	0	0	0	0	1465017565	0.00000	421
456	0	0	0	0	0	1465017565	None	442
451	1	2	0	0	0	1465017565	-2.00000	554
424	1	0	0	0	0	1465017565	0.00000	409
606	0	0	1	0	0	1465017565	-2.00000	489
578	0	0	0	0	0	1465017565	None	535
390	1	0	0	0	0	1465017565	0.00000	522
399	0	0	0	0	0	1465017565	None	480
519	0	0	0	0	0	1465017565	None	560
585	0	2	1	0	0	1465017565	-4.00000	422
607	1	1	0	0	0	1465017565	-1.00000	526
526	2	1	2	0	0	1465017565	-5.00000	583
432	0	0	0	0	0	1465017565	None	566
462	1	0	0	0	0	1465017565	0.00000	406
406	0	0	0	0	0	1465017565	None	467
483	1	0	0	0	0	1465017565	0.00000	595
695	1	0	0	0	0	1465017565	0.00000	479
604	2	13	0	0	0	1465017565	-13.00000	483
418	1	1	1	1	0	1465017565	-7.00000	527
530	1	0	0	0	0	1465017565	0.00000	468
569	1	0	0	0	0	1465017565	0.00000	528
520	0	1	3	0	0	1465017565	-7.00000	593
428	2	0	0	0	0	1465017565	0.00000	586
400	1	0	0	0	0	1465017565	0.00000	561
532	0	0	0	0	0	1465017565	None	598
440	0	0	1	0	0	1465017565	-2.00000	531
423	1	0	0	1	0	1465017565	-4.00000	395
545	0	0	0	0	0	1465017565	None	584
603	1	0	0	0	0	1465017565	0.00000	462
586	1	0	0	0	0	1465017565	0.00000	67
597	1	0	0	0	0	1465017565	0.00000	475
575	1	0	0	0	0	1465017565	0.00000	529
576	1	3	0	0	0	1465017565	-3.00000	463
522	0	5	0	0	0	1465017565	-5.00000	564
528	0	2	0	0	0	1465017565	-2.00000	503
583	0	0	0	0	0	1465017565	None	394
380	0	0	0	0	0	1465017565	None	18
413	1	0	0	3	0	1465017565	-12.00000	523
598	0	0	2	1	0	1465017565	-8.00000	415
541	0	0	0	0	0	1465017565	None	472
492	1	0	0	0	0	1465017565	0.00000	577
542	0	0	4	0	0	1465017565	-8.00000	412
425	0	0	1	1	0	1465017565	-6.00000	559
387	2	4	1	0	0	1465017565	-6.00000	501
421	0	0	0	0	0	1465017565	None	509
527	0	1	1	0	0	1465017565	-3.00000	569
688	1	0	0	0	0	1465017565	0.00000	474
523	0	0	0	0	0	1465017565	None	601
549	0	0	0	0	0	1465017565	None	449
459	0	6	5	0	0	1465017565	-16.00000	487
590	0	0	0	0	0	1465017565	0.00000	391
435	2	0	1	1	0	1465017565	-6.00000	448
500	0	0	0	0	0	1465017565	None	469
489	1	0	0	0	0	1465017565	0.00000	579
514	0	0	0	0	0	1465017565	None	703
397	0	0	0	0	0	1465017565	None	420
493	0	0	0	0	0	1465017565	None	450
512	1	0	0	0	0	1465017565	0.00000	427
524	0	24	2	0	0	1465017565	-28.00000	497
509	0	0	0	0	0	1465017565	None	387
571	0	4	6	0	0	1465017565	-16.00000	498
588	0	0	1	0	0	1465017565	-2.00000	557
454	0	0	0	0	0	1465017565	None	414
466	2	3	0	0	0	1465017565	-3.00000	492
404	0	2	0	0	0	1465017565	-2.00000	500
563	1	0	2	4	0	1465017565	-20.00000	507
429	0	0	3	0	0	1465017565	-6.00000	591
430	1	0	0	0	0	1465017565	0.00000	512
479	0	4	0	0	0	1465017565	-4.00000	525
498	1	0	0	0	0	1465017565	0.00000	578
551	0	2	2	0	0	1465017565	-6.00000	510
419	1	0	0	0	0	1465017565	0.00000	588
449	1	0	0	0	0	1465017565	0.00000	708
504	0	0	0	0	0	1465017565	0.00000	530
438	3	1	3	0	0	1465017565	-7.00000	445
415	0	3	0	0	0	1465017565	-3.00000	607
460	3	0	3	1	0	1465017565	-10.00000	439
450	1	0	0	0	0	1465017565	0.00000	200
468	1	0	0	0	0	1465017565	0.00000	553
386	1	1	0	0	0	1465017565	-1.00000	424
434	0	0	0	0	0	1465017565	None	502
414	0	0	0	1	0	1465017565	-4.00000	392
567	1	0	0	0	0	1465017565	0.00000	451
568	0	1	0	0	0	1465017565	-1.00000	597
469	2	3	1	0	0	1465017565	-5.00000	533
507	1	0	0	0	0	1465017565	0.00000	432
458	0	2	2	0	0	1465017565	-6.00000	580
381	0	3	3	0	0	1465017565	-9.00000	419
533	1	0	0	0	0	1465017565	0.00000	568
554	0	2	0	0	0	1465017565	-2.00000	602
392	1	0	0	0	0	1465017565	0.00000	471
550	1	0	3	0	0	1465017565	-6.00000	454
457	1	0	0	0	0	1465017565	0.00000	383
577	1	0	0	0	0	1465017565	0.00000	408
379	1	1	0	0	0	1465017565	-1.00000	458
539	0	0	0	0	0	1465017565	None	466
447	0	0	0	0	0	1465017565	None	558
560	2	5	2	0	0	1465017565	-9.00000	443
412	1	1	0	0	0	1465017565	-1.00000	551
448	0	0	0	0	0	1465017565	None	229
480	1	0	0	0	0	1465017565	0.00000	476
703	0	0	0	0	0	1465017565	None	688
573	0	0	0	0	0	1465017565	None	16
574	0	0	1	0	0	1465017565	-2.00000	486
535	1	0	0	0	0	1465017565	0.00000	573
595	0	0	0	0	0	1465017565	None	431
467	1	0	0	0	0	1465017565	0.00000	587
383	0	1	0	0	0	1465017565	-1.00000	604
444	0	0	0	0	0	1465017565	None	518
442	0	1	0	0	0	1465017565	-1.00000	513
494	1	0	0	0	0	1465017565	0.00000	402
521	1	2	0	0	0	1465017565	-2.00000	379
559	1	0	3	3	0	1465017565	-18.00000	606
582	0	14	0	0	0	1465017565	-14.00000	484
580	1	0	0	0	0	1465017565	0.00000	429
395	1	1	0	0	0	1465017565	-1.00000	541
476	0	0	0	0	0	1465017565	None	434
570	0	0	0	0	0	1465017565	None	470
508	1	0	0	0	0	1465017565	0.00000	378
398	1	0	0	0	0	1465017565	0.00000	581
445	1	0	0	0	0	1465017565	0.00000	401
579	0	0	0	0	0	1465017565	None	550
472	0	0	0	2	0	1465017565	-8.00000	524
581	0	0	0	0	0	1465017565	0.00000	170
553	0	0	1	0	0	1465017565	-2.00000	441
548	1	1	2	0	0	1465017565	-5.00000	508
557	0	1	2	0	0	1465017565	-5.00000	464
393	0	0	0	0	0	1465017565	None	457
436	1	0	0	0	0	1465017565	0.00000	496
22	0	0	1	5	0	1465017565	-22.00000	570
478	1	0	0	0	0	1465017565	0.00000	519
531	1	0	0	0	0	1465017565	0.00000	418
463	0	4	0	0	0	1465017565	-4.00000	404
417	1	0	0	0	0	1465017565	0.00000	453
525	1	0	0	0	0	1465017565	0.00000	491
601	0	0	0	0	0	1465017565	None	661
229	0	0	3	0	0	1465017565	-6.00000	506
591	0	0	0	0	0	1465017565	None	398
558	0	0	0	3	0	1465017565	-12.00000	400
427	0	0	1	0	0	1465017565	-2.00000	456
441	1	15	3	1	0	1465017565	-25.00000	552
464	1	0	0	0	0	1465017565	0.00000	388
422	0	0	1	0	0	1465017565	-2.00000	548
708	1	0	0	0	0	1465017565	0.00000	603
409	1	0	0	0	0	1465017565	0.00000	574
443	0	0	0	0	0	1465017565	None	592
433	1	0	0	0	0	1465017565	0.00000	459
552	0	0	1	0	0	1465017565	-2.00000	478
538	1	0	0	0	0	1465017565	0.00000	545
200	2	0	0	5	0	1465017565	-20.00000	515
16	0	0	8	0	0	1465017565	-16.00000	563
502	0	0	4	0	0	1465017565	-8.00000	393
499	1	0	0	0	0	1465017565	0.00000	438
465	0	0	0	0	0	1465017565	None	413
170	1	0	0	0	0	1465017565	0.00000	576
408	2	0	0	0	0	1465017565	0.00000	546
474	1	0	0	1	0	1465017565	-4.00000	407
258	0	0	0	0	0	1465017565	None	381
656	0	0	0	0	0	1465017565	None	426
486	0	5	1	0	0	1465017565	-7.00000	435
592	0	4	0	0	0	1465017565	-4.00000	488
431	0	2	0	0	0	1465017565	-2.00000	514
562	0	0	0	0	0	1465017565	None	585
698	2	0	0	0	0	1465017565	0.00000	575
439	1	0	1	0	0	1465017565	-2.00000	460
407	0	8	0	0	0	1465017565	-8.00000	539
388	0	7	2	0	0	1465017565	-11.00000	440
67	1	2	1	3	0	1465017565	-16.00000	599
452	1	5	0	0	0	1465017565	-5.00000	521
378	0	0	0	0	0	1465017565	None	582
426	1	2	0	0	0	1465017565	-2.00000	547
566	0	0	1	2	0	1465017565	-10.00000	532
394	0	0	0	0	0	1465017565	None	590
513	0	0	0	0	0	1465017565	None	430
593	0	0	0	0	0	1465017565	None	698
453	1	0	0	0	0	1465017565	0.00000	397
484	0	4	0	1	0	1465017565	-8.00000	423
471	0	4	1	0	0	1465017565	-6.00000	542
503	0	0	0	3	0	1465017565	-12.00000	465
470	1	4	1	0	0	1465017565	-6.00000	380
487	1	0	0	0	0	1465017565	0.00000	656
