作者	Advice	Incomplete	Error	Crash	Doc	测试时间	分数	评测人
697	1	0	0	1	0	1457669417	-4.00000	588
656	0	1	1	1	0	1457669417	-7.00000	489
483	0	0	1	0	0	1457669417	-2.00000	595
496	1	0	0	0	0	1457669417	0.00000	530
401	0	1	1	0	0	1457669417	-3.00000	590
391	0	0	0	0	0	1457669416	0.00000	399
456	0	1	2	1	0	1457669416	-9.00000	421
497	1	0	0	0	0	1457669417	0.00000	434
491	0	0	0	1	0	1457669416	-4.00000	483
495	0	0	1	0	0	1457669417	-2.00000	380
601	0	1	1	0	0	1457669417	-3.00000	392
457	0	0	0	0	0	1457669417	None	431
489	0	0	2	0	0	1457669417	-4.00000	424
586	1	0	0	0	0	1457669416	0.00000	394
607	0	1	0	0	0	1457669417	-1.00000	505
708	0	0	0	0	0	1457669417	0.00000	455
573	1	0	0	0	0	1457669417	0.00000	413
455	1	0	2	2	0	1457669417	-12.00000	476
417	0	0	0	0	0	1457669417	None	576
561	0	0	2	0	0	1457669416	-4.00000	550
460	0	0	1	0	0	1457669417	-2.00000	468
474	1	0	0	0	0	1457669416	-1.00000	479
254	1	0	0	0	0	1457669416	0.00000	488
525	0	0	1	0	0	1457669417	-2.00000	461
531	0	0	2	1	0	1457669417	-8.00000	577
469	0	0	0	1	0	1457669417	-4.00000	470
461	1	0	2	0	0	1457669417	-4.00000	511
462	0	0	1	0	0	1457669417	-2.00000	583
532	0	0	1	1	0	1457669417	-6.00000	487
423	0	0	0	0	0	1457669416	0.00000	491
592	0	1	1	0	0	1457669417	-3.00000	551
418	0	1	1	0	0	1457669416	-3.00000	510
606	1	0	0	0	0	1457669417	0.00000	473
599	1	0	1	0	0	1457669417	-2.00000	538
587	0	0	1	0	0	1457669417	-2.00000	534
661	0	0	2	1	0	1457669416	-8.00000	500
501	1	0	0	0	0	1457669417	0.00000	408
484	0	0	0	0	0	1457669417	0.00000	522
519	1	0	0	0	0	1457669417	0.00000	416
602	8	0	0	0	0	1457669417	0.00000	526
538	0	0	1	0	0	1457669417	-2.00000	573
467	0	0	0	0	0	1457669417	None	708
447	0	0	0	0	0	1457669417	None	703
400	0	1	0	0	0	1457669417	-1.00000	525
556	0	0	2	0	0	1457669417	-4.00000	407
421	2	0	3	0	0	1457669417	-6.00000	439
429	1	0	0	0	0	1457669417	0.00000	480
420	0	0	0	0	0	1457669417	0.00000	385
551	1	0	3	0	0	1457669417	-7.00000	597
414	1	0	0	0	0	1457669417	0.00000	661
500	0	0	0	0	0	1457669417	None	453
449	0	1	0	0	0	1457669417	-1.00000	428
488	0	0	0	0	0	1457669417	0.00000	402
517	0	0	0	0	0	1457669417	None	523
448	0	0	0	0	0	1457669417	0.00000	388
582	0	1	1	0	0	1457669417	-3.00000	383
553	0	0	0	1	0	1457669417	-4.00000	391
466	0	0	0	1	0	1457669416	-4.00000	450
590	0	0	0	0	0	1457669417	None	254
468	0	1	3	0	0	1457669416	-7.00000	400
390	1	2	0	0	0	1457669416	-2.00000	436
703	1	1	0	0	0	1457669417	-2.00000	386
434	0	1	0	0	0	1457669417	-1.00000	433
571	1	0	3	0	0	1457669416	-7.00000	607
583	0	0	0	0	0	1457669417	None	567
378	1	0	1	0	0	1457669417	-2.00000	452
597	0	0	1	0	0	1457669416	-2.00000	514
384	0	1	1	0	0	1457669417	-3.00000	395
380	0	0	0	0	0	1457669417	None	548
440	0	0	1	0	0	1457669417	-2.00000	546
688	1	0	0	0	0	1457669417	0.00000	481
397	0	1	0	0	0	1457669417	-1.00000	507
520	1	0	1	0	0	1457669417	-3.00000	16
459	0	0	0	1	0	1457669417	-4.00000	556
395	0	1	0	0	0	1457669417	-1.00000	587
547	0	0	1	0	0	1457669416	-2.00000	564
575	1	0	0	0	0	1457669416	0.00000	602
584	1	0	0	0	0	1457669417	0.00000	544
578	1	0	0	0	0	1457669416	0.00000	501
513	2	0	0	0	0	1457669416	0.00000	540
512	0	0	0	0	0	1457669417	None	458
379	1	0	0	0	0	1457669417	0.00000	420
393	0	0	0	0	0	1457669417	None	387
545	0	0	1	0	0	1457669416	-2.00000	418
413	0	1	0	0	0	1457669417	-1.00000	445
479	0	1	1	0	0	1457669417	-3.00000	474
388	0	1	0	2	0	1457669417	-9.00000	521
387	1	0	3	0	0	1457669416	-7.00000	580
516	1	0	0	0	0	1457669417	0.00000	471
565	1	0	0	0	0	1457669417	0.00000	559
534	0	0	3	2	0	1457669417	-14.00000	575
507	0	0	2	0	0	1457669417	-4.00000	378
432	0	1	0	2	0	1457669417	-9.00000	492
576	0	0	0	0	0	1457669417	0.00000	529
412	1	1	0	1	0	1457669417	-6.00000	497
493	0	0	1	0	0	1457669417	-2.00000	542
494	0	3	0	0	0	1457669416	-3.00000	545
458	0	0	1	0	0	1457669417	-2.00000	579
487	0	0	1	0	0	1457669417	-2.00000	398
465	0	0	2	0	0	1457669417	-4.00000	565
476	1	1	1	0	0	1457669416	-4.00000	444
526	1	0	1	0	0	1457669416	-3.00000	454
451	0	0	0	0	0	1457669417	0.00000	524
450	0	0	1	0	0	1457669417	-2.00000	603
505	1	0	2	0	0	1457669416	-5.00000	520
499	1	0	0	0	0	1457669417	0.00000	397
541	0	1	0	0	0	1457669417	-1.00000	379
585	0	0	0	0	0	1457669416	None	536
506	1	1	0	1	0	1457669417	-5.00000	463
431	1	1	2	0	0	1457669417	-6.00000	435
438	0	1	0	0	0	1457669416	-1.00000	451
588	1	0	0	0	0	1457669417	0.00000	415
478	0	0	0	0	0	1457669416	None	499
389	0	1	2	0	0	1457669417	-5.00000	457
422	0	0	1	0	0	1457669417	-2.00000	401
595	0	0	1	0	0	1457669417	-2.00000	443
548	1	0	0	0	0	1457669417	0.00000	409
482	1	0	1	0	0	1457669416	-2.00000	504
402	1	0	0	0	0	1457669416	0.00000	478
383	0	0	1	0	0	1457669416	-2.00000	440
439	0	0	0	0	0	1457669417	0.00000	585
598	2	0	0	0	0	1457669417	0.00000	381
425	0	0	0	0	0	1457669417	0.00000	475
472	1	0	2	0	0	1457669417	-4.00000	539
554	1	0	0	0	0	1457669416	-1.00000	552
454	0	0	0	0	0	1457669417	0.00000	456
559	0	0	3	0	0	1457669417	-6.00000	414
492	0	0	0	0	0	1457669417	None	697
510	1	0	0	0	0	1457669417	0.00000	406
442	0	0	0	0	0	1457669417	None	598
604	1	0	0	0	0	1457669417	-1.00000	656
385	0	2	1	0	0	1457669417	-4.00000	604
564	0	0	1	0	0	1457669417	-2.00000	22
463	0	0	0	0	0	1457669416	0.00000	570
407	0	0	0	0	0	1457669416	0.00000	442
552	0	1	3	0	0	1457669416	-7.00000	606
515	0	0	2	0	0	1457669417	-4.00000	547
427	1	0	0	0	0	1457669417	0.00000	498
562	0	3	3	0	0	1457669417	-9.00000	531
555	0	0	0	0	0	1457669417	None	466
523	0	0	0	0	0	1457669417	0.00000	569
535	2	0	0	0	0	1457669417	-2.00000	533
577	0	0	0	0	0	1457669417	None	467
580	0	0	0	0	0	1457669417	0.00000	578
22	1	0	1	0	0	1457669417	-3.00000	516
480	1	0	0	0	0	1457669416	0.00000	508
511	0	0	1	0	0	1457669417	-2.00000	390
550	1	0	0	0	0	1457669417	0.00000	572
529	0	0	0	0	0	1457669417	0.00000	584
398	0	0	0	0	0	1457669417	None	432
518	0	0	0	0	0	1457669417	None	460
603	1	0	0	0	0	1457669417	-1.00000	496
570	1	0	0	0	0	1457669417	-1.00000	515
430	0	0	0	0	0	1457669417	None	465
399	1	0	0	0	0	1457669417	0.00000	393
404	0	0	0	0	0	1457669417	None	437
444	1	0	0	0	0	1457669417	0.00000	553
381	0	1	0	0	0	1457669417	-1.00000	484
557	0	0	0	0	0	1457669417	None	541
435	0	0	2	0	0	1457669417	-4.00000	512
424	1	0	0	0	0	1457669417	-1.00000	509
409	1	0	0	0	0	1457669416	0.00000	429
415	1	0	0	0	0	1457669417	0.00000	562
567	0	0	1	0	0	1457669417	-2.00000	582
542	0	0	0	0	0	1457669417	None	464
566	2	0	1	0	0	1457669417	-2.00000	449
453	0	0	1	1	0	1457669416	-6.00000	404
572	1	1	3	0	0	1457669417	-8.00000	423
568	0	1	2	0	0	1457669416	-5.00000	459
527	0	0	0	0	0	1457669417	None	417
481	0	0	0	2	0	1457669417	-8.00000	592
530	0	0	0	0	0	1457669417	None	557
539	0	0	0	0	0	1457669417	None	494
16	1	0	1	0	0	1457669417	-3.00000	560
569	0	0	2	0	0	1457669417	-4.00000	532
392	0	0	3	0	0	1457669416	-6.00000	472
524	0	0	1	0	0	1457669417	-2.00000	528
509	0	0	0	0	0	1457669417	None	493
475	0	0	1	2	0	1457669416	-10.00000	438
416	2	0	0	4	0	1457669416	-16.00000	527
558	0	1	3	1	0	1457669417	-11.00000	462
408	0	1	0	0	0	1457669417	-1.00000	549
464	0	1	3	2	0	1457669417	-15.00000	427
579	0	1	0	0	0	1457669417	-1.00000	384
426	1	0	1	1	0	1457669417	-6.00000	503
436	1	0	0	0	0	1457669416	0.00000	426
386	0	0	5	0	0	1457669417	-10.00000	561
536	0	0	1	0	0	1457669417	-2.00000	506
533	0	0	2	0	0	1457669417	-4.00000	581
544	1	0	0	0	0	1457669417	0.00000	519
563	0	0	3	1	0	1457669416	-10.00000	599
549	1	0	0	0	0	1457669417	-1.00000	448
591	0	0	0	0	0	1457669417	None	568
695	1	0	0	0	0	1457669417	0.00000	422
428	1	0	0	0	0	1457669416	0.00000	535
441	2	0	1	0	0	1457669417	-4.00000	425
443	1	0	0	0	0	1457669417	0.00000	513
471	1	0	0	0	0	1457669417	0.00000	495
502	0	1	1	0	0	1457669416	-3.00000	441
433	0	0	2	0	0	1457669417	-4.00000	469
560	0	1	0	0	0	1457669417	-1.00000	554
470	2	0	1	0	0	1457669416	-2.00000	566
546	0	1	0	0	0	1457669417	-1.00000	447
445	1	0	1	0	0	1457669417	-3.00000	688
508	0	0	0	0	0	1457669416	None	558
498	0	0	0	0	0	1457669417	0.00000	412
504	2	0	1	0	0	1457669417	-2.00000	586
452	0	0	0	1	0	1457669417	-4.00000	502
522	0	2	0	0	0	1457669417	-2.00000	430
581	0	0	0	0	0	1457669416	None	517
514	0	1	1	0	0	1457669416	-3.00000	518
528	0	0	0	0	0	1457669417	None	591
437	0	1	5	4	0	1457669417	-27.00000	571
521	0	0	1	0	0	1457669417	-2.00000	601
406	2	0	3	2	0	1457669417	-16.00000	482
486	0	0	1	0	0	1457669416	-2.00000	563
394	0	0	1	0	0	1457669417	-2.00000	389
540	0	0	2	0	0	1457669417	-4.00000	695
503	1	0	0	0	0	1457669417	0.00000	486
473	0	0	0	0	0	1457669417	None	555
